timestamps=[      6.05,       6.10,       6.15,       6.20,       6.25,       6.30,       6.35,       6.40,       6.45,       6.50,       6.55,       7.00,       7.05,       7.10,       7.15,       7.20,       7.25,       7.30,       7.35,       7.40,       7.45,       7.50,       7.55,       8.00,       8.05,       8.10,       8.15,       8.20,       8.25,       8.30,       8.35,       8.40,       8.45,       8.50,       8.55,       9.00,       9.05,       9.10,       9.15,       9.20,       9.25,       9.30,       9.35 
];
workingday1=[
    103.00,     109.00,     107.00,     111.00,     111.00,     109.00,     108.00,     108.00,     108.00,     108.00,     107.00,     106.00,     106.00,     107.00,     107.00,     112.00,     106.00,     106.00,     104.00,     105.00,     103.00,     102.00,     103.00,     104.00,     104.00,       5.00,     106.00,     103.00,     106.00,     105.00,     105.00,     104.00,     103.00,     100.00,      99.00,     100.00,      99.00,      99.00,     100.00,      99.00,      99.00,      95.00,      95.00 
    102.00,     102.00,      98.00,      97.00,      97.00,      97.00,     100.00,      99.00,      98.00,      96.00,      98.00,      99.00,     101.00,      97.00,      98.00,      96.00,      96.00,      96.00,      96.00,      97.00,      94.00,      92.00,      95.00,      94.00,      98.00,      98.00,      97.00,      99.00,     100.00,      99.00,     100.00,     101.00,     104.00,     102.00,     101.00,     101.00,      97.00,      98.00,     100.00,     100.00,      98.00,      95.00,      92.00 
     99.00,      97.00,      90.00,      87.00,      69.00,      59.00,      54.00,      53.00,      48.00,      43.00,      45.00,      46.00,      47.00,      48.00,      44.00,      44.00,      44.00,      45.00,      43.00,      43.00,      41.00,      40.00,      42.00,      48.00,      49.00,      46.00,      50.00,      49.00,      56.00,      66.00,      69.00,      73.00,      79.00,      80.00,      83.00,      85.00,      90.00,      91.00,      95.00,     100.00,      97.00,     100.00,      98.00 
    100.00,      97.00,      91.00,      87.00,      82.00,      74.00,      69.00,      74.00,      81.00,      81.00,      82.00,      72.00,      61.00,      57.00,      50.00,      47.00,      43.00,      48.00,      49.00,      53.00,      56.00,      57.00,      57.00,      61.00,      65.00,      66.00,      64.00,      66.00,      70.00,      73.00,      74.00,      76.00,      79.00,      85.00,      85.00,      90.00,      92.00,      95.00,      98.00,     100.00,      98.00,      97.00,      96.00 
    101.00,      97.00,      98.00,      96.00,      92.00,      91.00,      90.00,      86.00,      84.00,      84.00,      79.00,      71.00,      68.00,      63.00,      53.00,      48.00,      50.00,      53.00,      52.00,      49.00,      52.00,      50.00,      57.00,      59.00,      60.00,      61.00,      64.00,      64.00,      63.00,      67.00,      69.00,      69.00,      69.00,      69.00,      72.00,      75.00,      76.00,      80.00,      81.00,      85.00,      89.00,      95.00,      95.00 
     97.00,      89.00,      89.00,      85.00,      84.00,      82.00,      83.00,      77.00,      66.00,      62.00,      54.00,      51.00,      49.00,      47.00,      39.00,      36.00,      38.00,      37.00,      34.00,      29.00,      31.00,      26.00,      27.00,      30.00,      28.00,      30.00,      29.00,      32.00,      30.00,      33.00,      34.00,      34.00,      37.00,      39.00,      41.00,      43.00,      49.00,      54.00,      67.00,      68.00,      75.00,      77.00,      85.00 
];
workingday2=[
    104.00,     108.00,     110.00,     109.00,     109.00,     106.00,     109.00,     109.00,     108.00,     109.00,     104.00,     107.00,     106.00,     108.00,     110.00,     108.00,     106.00,     103.00,     105.00,     101.00,     106.00,     102.00,     105.00,     105.00,     104.00,       7.00,     105.00,     102.00,     103.00,     102.00,     102.00,     104.00,     100.00,      98.00,      97.00,      98.00,     101.00,      99.00,      99.00,      96.00,      98.00,      95.00,      95.00 
    101.00,     100.00,      97.00,      97.00,     101.00,      99.00,     100.00,      99.00,      97.00,      99.00,      96.00,      99.00,      97.00,      99.00,      98.00,      97.00,      95.00,      94.00,      97.00,      94.00,      94.00,      96.00,      95.00,      93.00,      96.00,      97.00,      99.00,      97.00,     100.00,     101.00,      98.00,     101.00,     102.00,     102.00,      99.00,      97.00,      99.00,      97.00,      96.00,     100.00,      98.00,      93.00,      91.00 
     98.00,      97.00,      89.00,      84.00,      72.00,      58.00,      54.00,      49.00,      47.00,      45.00,      45.00,      45.00,      47.00,      48.00,      47.00,      44.00,      42.00,      45.00,      40.00,      43.00,      40.00,      44.00,      44.00,      44.00,      48.00,      48.00,      51.00,      52.00,      54.00,      64.00,      72.00,      72.00,      77.00,      80.00,      85.00,      87.00,      89.00,      94.00,      95.00,     102.00,      99.00,      99.00,      96.00 
     99.00,      94.00,      88.00,      83.00,      82.00,      77.00,      69.00,      74.00,      81.00,      82.00,      81.00,      69.00,      58.00,      57.00,      54.00,      49.00,      40.00,      45.00,      49.00,      54.00,      52.00,      55.00,      59.00,      64.00,      65.00,      66.00,      65.00,      67.00,      71.00,      72.00,      77.00,      77.00,      82.00,      82.00,      86.00,      89.00,      88.00,      93.00,      98.00,      98.00,      99.00,      99.00,      97.00 
    100.00,      97.00,      98.00,      97.00,      92.00,      91.00,      92.00,      87.00,      83.00,      82.00,      76.00,      72.00,      67.00,      64.00,      56.00,      51.00,      51.00,      52.00,      51.00,      49.00,      52.00,      52.00,      56.00,      57.00,      58.00,      61.00,      65.00,      63.00,      63.00,      68.00,      66.00,      69.00,      69.00,      69.00,      70.00,      71.00,      76.00,      81.00,      81.00,      83.00,      88.00,      97.00,      98.00 
     99.00,      91.00,      88.00,      87.00,      85.00,      82.00,      82.00,      77.00,      66.00,      63.00,      54.00,      49.00,      48.00,      46.00,      42.00,      39.00,      35.00,      33.00,      34.00,      33.00,      29.00,      25.00,      25.00,      28.00,      31.00,      32.00,      29.00,      30.00,      31.00,      31.00,      34.00,      35.00,      35.00,      37.00,      38.00,      44.00,      48.00,      54.00,      63.00,      71.00,      76.00,      81.00,      84.00 
];
